Episode,Captured,Steps,Reward,CaptureRate,LR
1,0,120,-107.25,0.0,3.00e-04
2,0,120,-292.45,0.0,3.00e-04
3,0,120,-315.81,0.0,3.00e-04
4,0,120,-63.38,0.0,3.00e-04
5,0,120,-280.37,0.0,3.00e-04
6,0,120,-222.30,0.0,3.00e-04
7,0,120,-196.94,0.0,3.00e-04
8,0,120,-313.00,0.0,3.00e-04
9,0,120,-301.99,0.0,3.00e-04
10,0,120,-100.69,0.0,3.00e-04
11,0,120,-404.88,0.0,3.00e-04
12,0,120,-277.57,0.0,3.00e-04
13,0,120,-29.57,0.0,3.00e-04
14,0,120,-316.43,0.0,3.00e-04
15,0,120,-249.25,0.0,3.00e-04
16,0,120,-238.56,0.0,3.00e-04
17,0,120,-102.20,0.0,3.00e-04
18,0,120,-238.86,0.0,3.00e-04
19,0,120,-161.10,0.0,3.00e-04
20,0,120,-193.02,0.0,3.00e-04
21,0,120,-335.88,0.0,3.00e-04
22,0,120,-363.94,0.0,3.00e-04
23,0,120,-222.40,0.0,3.00e-04
24,0,120,-168.89,0.0,3.00e-04
25,0,120,-372.23,0.0,3.00e-04
26,0,120,-383.84,0.0,3.00e-04
27,0,120,-222.74,0.0,3.00e-04
28,0,120,-119.40,0.0,3.00e-04
29,0,120,-137.46,0.0,3.00e-04
30,0,120,-240.14,0.0,3.00e-04
31,0,120,-161.10,0.0,3.00e-04
32,0,120,99.82,0.0,3.00e-04
33,0,120,-149.89,0.0,3.00e-04
34,0,120,-295.17,0.0,3.00e-04
35,0,120,-254.61,0.0,3.00e-04
36,0,120,-489.05,0.0,3.00e-04
37,0,120,-361.78,0.0,3.00e-04
38,0,120,-203.38,0.0,3.00e-04
39,0,120,-281.98,0.0,3.00e-04
40,0,120,-477.50,0.0,3.00e-04
41,0,120,-256.18,0.0,3.00e-04
42,0,120,-71.02,0.0,3.00e-04
43,0,120,-351.67,0.0,3.00e-04
44,0,120,-259.83,0.0,3.00e-04
45,0,120,-224.53,0.0,3.00e-04
46,0,120,-207.16,0.0,3.00e-04
47,0,120,-376.44,0.0,3.00e-04
48,0,120,-307.54,0.0,3.00e-04
49,0,120,-382.00,0.0,3.00e-04
50,0,120,-131.63,0.0,3.00e-04
51,0,120,-189.52,0.0,3.00e-04
52,0,120,-291.90,0.0,3.00e-04
53,0,120,-200.12,0.0,2.99e-04
54,0,120,-289.87,0.0,2.99e-04
55,0,120,-321.51,0.0,2.99e-04
56,0,120,-269.04,0.0,2.99e-04
57,0,120,-274.52,0.0,2.99e-04
58,0,120,-225.00,0.0,2.99e-04
59,0,120,-303.81,0.0,2.99e-04
60,0,120,-483.43,0.0,2.99e-04
61,0,120,-224.46,0.0,2.99e-04
62,0,120,-103.97,0.0,2.99e-04
63,0,120,-334.29,0.0,2.99e-04
64,0,120,-295.54,0.0,2.99e-04
65,0,120,-339.54,0.0,2.99e-04
66,0,120,-351.38,0.0,2.99e-04
67,0,120,-191.95,0.0,2.99e-04
68,0,120,-364.01,0.0,2.99e-04
69,0,120,-343.05,0.0,2.99e-04
70,0,120,-51.04,0.0,2.99e-04
71,0,120,-251.59,0.0,2.99e-04
72,0,120,-335.31,0.0,2.99e-04
73,0,120,-320.78,0.0,2.99e-04
74,0,120,-293.82,0.0,2.99e-04
75,0,120,-287.51,0.0,2.99e-04
76,0,120,-371.85,0.0,2.99e-04
77,0,120,-111.89,0.0,2.99e-04
78,0,120,-167.36,0.0,2.99e-04
79,0,120,-73.25,0.0,2.99e-04
80,0,120,-200.20,0.0,2.99e-04
81,0,120,-223.55,0.0,2.99e-04
82,0,120,-232.54,0.0,2.99e-04
83,0,120,-283.20,0.0,2.99e-04
84,0,120,-260.55,0.0,2.99e-04
85,0,120,-182.49,0.0,2.99e-04
86,0,120,-173.46,0.0,2.99e-04
87,0,120,-238.95,0.0,2.99e-04
88,0,120,-297.15,0.0,2.99e-04
89,0,120,-256.24,0.0,2.99e-04
90,0,120,-253.86,0.0,2.99e-04
91,0,120,-327.04,0.0,2.98e-04
92,0,120,-291.75,0.0,2.98e-04
93,0,120,-331.32,0.0,2.98e-04
94,0,120,-244.12,0.0,2.98e-04
95,0,120,-349.99,0.0,2.98e-04
96,0,120,-252.41,0.0,2.98e-04
97,0,120,-292.20,0.0,2.98e-04
98,0,120,-294.81,0.0,2.98e-04
99,0,120,-252.49,0.0,2.98e-04
100,0,120,-182.54,0.0,2.98e-04
101,0,120,-311.30,0.0,2.98e-04
102,0,120,-304.52,0.0,2.98e-04
103,0,120,-260.09,0.0,2.98e-04
104,0,120,-365.78,0.0,2.98e-04
105,0,120,-339.79,0.0,2.98e-04
106,0,120,-207.28,0.0,2.98e-04
107,0,120,-394.71,0.0,2.98e-04
108,1,46,194.70,1.0,2.98e-04
109,0,120,-390.61,1.0,2.98e-04
110,0,120,-460.83,1.0,2.98e-04
111,0,120,-342.04,1.0,2.98e-04
112,0,120,-404.14,1.0,2.98e-04
113,0,120,-446.56,1.0,2.98e-04
114,0,120,-318.57,1.0,2.98e-04
115,0,120,-382.85,1.0,2.98e-04
116,0,120,-252.97,1.0,2.98e-04
117,0,120,-261.91,1.0,2.97e-04
118,0,120,-301.15,1.0,2.97e-04
119,0,120,-356.82,1.0,2.97e-04
120,0,120,-189.87,1.0,2.97e-04
121,0,120,-349.10,1.0,2.97e-04
122,0,120,-229.79,1.0,2.97e-04
123,0,120,-314.01,1.0,2.97e-04
124,0,120,-82.32,1.0,2.97e-04
125,0,120,-218.04,1.0,2.97e-04
126,0,120,-320.32,1.0,2.97e-04
127,0,120,-296.62,1.0,2.97e-04
128,0,120,-302.51,1.0,2.97e-04
129,0,120,-243.65,1.0,2.97e-04
130,0,120,-220.43,1.0,2.97e-04
131,0,120,-350.65,1.0,2.97e-04
132,0,120,-283.35,1.0,2.97e-04
133,0,120,-223.44,1.0,2.97e-04
134,0,120,-200.87,1.0,2.97e-04
135,0,120,-318.45,1.0,2.97e-04
136,0,120,-276.33,1.0,2.97e-04
137,0,120,-394.82,1.0,2.97e-04
138,0,120,-314.82,1.0,2.97e-04
139,0,120,-317.56,1.0,2.96e-04
140,0,120,-291.48,1.0,2.96e-04
141,0,120,-244.38,1.0,2.96e-04
142,0,120,-229.32,1.0,2.96e-04
143,0,120,-497.14,1.0,2.96e-04
144,0,120,-317.19,1.0,2.96e-04
145,0,120,-375.62,1.0,2.96e-04
146,0,120,-158.45,1.0,2.96e-04
147,0,120,-451.88,1.0,2.96e-04
148,0,120,-439.44,1.0,2.96e-04
149,0,120,-180.33,1.0,2.96e-04
150,0,120,-250.74,1.0,2.96e-04
151,0,120,-350.39,1.0,2.96e-04
152,0,120,-292.85,1.0,2.96e-04
153,0,120,-125.01,1.0,2.96e-04
154,0,120,-245.37,1.0,2.96e-04
155,0,120,-283.79,1.0,2.96e-04
156,0,120,-397.96,1.0,2.96e-04
157,0,120,-273.47,1.0,2.96e-04
158,0,120,-274.07,1.0,2.95e-04
159,0,120,-253.32,1.0,2.95e-04
160,0,120,-322.12,1.0,2.95e-04
161,0,120,-92.01,1.0,2.95e-04
162,0,120,-226.14,1.0,2.95e-04
163,0,120,-172.72,1.0,2.95e-04
164,0,120,-312.20,1.0,2.95e-04
165,0,120,-283.27,1.0,2.95e-04
166,0,120,37.48,1.0,2.95e-04
167,0,120,-250.04,1.0,2.95e-04
168,0,120,-131.96,1.0,2.95e-04
169,0,120,-385.41,1.0,2.95e-04
170,0,120,-23.37,1.0,2.95e-04
171,0,120,-266.64,1.0,2.95e-04
172,0,120,-224.95,1.0,2.95e-04
173,0,120,-275.13,1.0,2.95e-04
174,0,120,-305.63,1.0,2.94e-04
175,0,120,-201.88,1.0,2.94e-04
176,0,120,-348.47,1.0,2.94e-04
177,0,120,-176.60,1.0,2.94e-04
178,0,120,-380.40,1.0,2.94e-04
179,0,120,-254.41,1.0,2.94e-04
180,0,120,-345.06,1.0,2.94e-04
181,0,120,-387.98,1.0,2.94e-04
182,0,120,-192.25,1.0,2.94e-04
183,0,120,-273.99,1.0,2.94e-04
184,0,120,-297.03,1.0,2.94e-04
185,0,120,-392.31,1.0,2.94e-04
186,0,120,-376.37,1.0,2.94e-04
187,0,120,-301.04,1.0,2.94e-04
188,1,89,236.25,2.0,2.94e-04
189,0,120,-213.68,2.0,2.94e-04
190,0,120,-261.44,2.0,2.93e-04
191,0,120,-126.60,2.0,2.93e-04
192,0,120,-259.87,2.0,2.93e-04
193,0,120,-227.37,2.0,2.93e-04
194,0,120,-154.03,2.0,2.93e-04
195,0,120,-293.55,2.0,2.93e-04
196,0,120,-294.02,2.0,2.93e-04
197,0,120,-237.48,2.0,2.93e-04
198,0,120,-77.55,2.0,2.93e-04
199,0,120,-347.65,2.0,2.93e-04
200,0,120,-271.51,2.0,2.93e-04
201,0,120,-429.16,2.0,2.93e-04
202,0,120,-321.27,2.0,2.93e-04
203,0,120,-303.44,2.0,2.93e-04
204,0,120,-160.24,2.0,2.92e-04
205,0,120,-263.14,2.0,2.92e-04
206,0,120,-181.73,2.0,2.92e-04
207,0,120,-353.85,2.0,2.92e-04
208,0,120,-358.62,1.0,2.92e-04
209,0,120,-232.38,1.0,2.92e-04
210,0,120,-264.84,1.0,2.92e-04
211,0,120,-363.09,1.0,2.92e-04
212,0,120,-291.44,1.0,2.92e-04
213,0,120,-319.39,1.0,2.92e-04
214,0,120,-349.39,1.0,2.92e-04
215,0,120,-259.63,1.0,2.92e-04
216,0,120,-290.24,1.0,2.92e-04
217,0,120,-314.21,1.0,2.91e-04
218,0,120,-219.46,1.0,2.91e-04
219,0,120,-342.33,1.0,2.91e-04
220,0,120,-247.48,1.0,2.91e-04
221,0,120,-337.69,1.0,2.91e-04
222,0,120,-305.30,1.0,2.91e-04
223,0,120,-544.76,1.0,2.91e-04
224,0,120,-381.39,1.0,2.91e-04
225,0,120,-219.08,1.0,2.91e-04
226,0,120,-347.87,1.0,2.91e-04
227,0,120,-115.07,1.0,2.91e-04
228,0,120,-400.64,1.0,2.91e-04
229,0,120,-194.41,1.0,2.90e-04
230,0,120,-279.46,1.0,2.90e-04
231,0,120,-309.48,1.0,2.90e-04
232,0,120,-360.29,1.0,2.90e-04
233,0,120,-224.47,1.0,2.90e-04
234,0,120,-215.45,1.0,2.90e-04
235,0,120,-278.55,1.0,2.90e-04
236,0,120,-219.37,1.0,2.90e-04
237,0,120,-315.79,1.0,2.90e-04
238,0,120,-383.37,1.0,2.90e-04
239,0,120,-326.66,1.0,2.90e-04
240,0,120,-111.47,1.0,2.90e-04
241,0,120,-394.13,1.0,2.89e-04
242,0,120,-370.81,1.0,2.89e-04
243,0,120,-173.97,1.0,2.89e-04
244,0,120,-172.69,1.0,2.89e-04
245,0,120,-217.43,1.0,2.89e-04
246,0,120,-322.23,1.0,2.89e-04
247,0,120,-372.88,1.0,2.89e-04
248,0,120,-217.48,1.0,2.89e-04
249,0,120,-283.83,1.0,2.89e-04
250,0,120,-438.13,1.0,2.89e-04
251,0,120,-259.72,1.0,2.89e-04
252,0,120,-175.09,1.0,2.89e-04
253,0,120,-319.99,1.0,2.88e-04
254,0,120,-183.43,1.0,2.88e-04
255,0,120,-98.67,1.0,2.88e-04
256,0,120,-474.84,1.0,2.88e-04
257,0,120,-189.82,1.0,2.88e-04
258,0,120,-210.10,1.0,2.88e-04
259,0,120,-236.69,1.0,2.88e-04
260,0,120,-330.91,1.0,2.88e-04
261,0,120,-230.27,1.0,2.88e-04
262,0,120,-307.25,1.0,2.88e-04
263,0,120,-332.46,1.0,2.88e-04
264,0,120,-144.57,1.0,2.87e-04
265,0,120,-210.65,1.0,2.87e-04
266,0,120,-427.87,1.0,2.87e-04
267,0,120,-353.44,1.0,2.87e-04
268,0,120,-275.28,1.0,2.87e-04
269,0,120,-375.75,1.0,2.87e-04
270,0,120,-277.58,1.0,2.87e-04
271,0,120,-377.34,1.0,2.87e-04
272,0,120,-241.96,1.0,2.87e-04
273,0,120,-265.20,1.0,2.87e-04
274,0,120,-372.63,1.0,2.86e-04
275,0,120,-273.65,1.0,2.86e-04
276,0,120,-331.32,1.0,2.86e-04
277,0,120,-355.53,1.0,2.86e-04
278,0,120,-264.84,1.0,2.86e-04
279,0,120,-377.11,1.0,2.86e-04
280,0,120,-240.37,1.0,2.86e-04
281,0,120,-393.99,1.0,2.86e-04
282,0,120,-183.50,1.0,2.86e-04
283,0,120,2.61,1.0,2.86e-04
284,0,120,-175.10,1.0,2.85e-04
285,0,120,-255.32,1.0,2.85e-04
286,0,120,-259.24,1.0,2.85e-04
287,0,120,-184.97,1.0,2.85e-04
288,0,120,-302.48,0.0,2.85e-04
289,0,120,-520.48,0.0,2.85e-04
290,0,120,-331.99,0.0,2.85e-04
291,0,120,-304.74,0.0,2.85e-04
292,0,120,-225.28,0.0,2.85e-04
293,0,120,-316.59,0.0,2.85e-04
294,0,120,-296.18,0.0,2.84e-04
295,0,120,-211.11,0.0,2.84e-04
296,0,120,-186.91,0.0,2.84e-04
297,0,120,-156.19,0.0,2.84e-04
298,0,120,-404.29,0.0,2.84e-04
299,0,120,-136.89,0.0,2.84e-04
300,0,120,-260.99,0.0,2.84e-04
301,0,120,-471.21,0.0,2.84e-04
302,0,120,-220.72,0.0,2.84e-04
303,0,120,-473.48,0.0,2.83e-04
304,0,120,-330.66,0.0,2.83e-04
305,0,120,-258.01,0.0,2.83e-04
306,0,120,-203.70,0.0,2.83e-04
307,0,120,-287.45,0.0,2.83e-04
308,0,120,5.09,0.0,2.83e-04
309,0,120,-158.25,0.0,2.83e-04
310,0,120,-281.01,0.0,2.83e-04
311,0,120,-295.22,0.0,2.83e-04
312,0,120,-286.65,0.0,2.83e-04
313,0,120,-441.03,0.0,2.82e-04
314,0,120,-232.98,0.0,2.82e-04
315,0,120,-316.75,0.0,2.82e-04
316,0,120,-294.56,0.0,2.82e-04
317,0,120,-233.99,0.0,2.82e-04
318,0,120,-41.90,0.0,2.82e-04
319,0,120,-219.94,0.0,2.82e-04
320,0,120,-169.47,0.0,2.82e-04
321,0,120,-299.44,0.0,2.82e-04
322,0,120,-213.82,0.0,2.81e-04
323,0,120,-414.49,0.0,2.81e-04
324,0,120,-381.17,0.0,2.81e-04
325,0,120,-256.30,0.0,2.81e-04
326,0,120,-299.79,0.0,2.81e-04
327,0,120,-376.42,0.0,2.81e-04
328,0,120,-157.89,0.0,2.81e-04
329,0,120,-294.93,0.0,2.81e-04
330,0,120,-368.12,0.0,2.80e-04
331,0,120,-382.32,0.0,2.80e-04
332,0,120,-258.94,0.0,2.80e-04
333,0,120,-219.97,0.0,2.80e-04
334,0,120,-158.26,0.0,2.80e-04
335,0,120,-336.33,0.0,2.80e-04
336,0,120,-350.78,0.0,2.80e-04
337,0,120,-228.60,0.0,2.80e-04
338,0,120,-85.77,0.0,2.80e-04
339,0,120,-233.11,0.0,2.79e-04
340,0,120,-203.46,0.0,2.79e-04
341,0,120,-311.35,0.0,2.79e-04
342,0,120,-188.96,0.0,2.79e-04
343,0,120,-376.24,0.0,2.79e-04
344,0,120,-358.48,0.0,2.79e-04
345,0,120,-325.24,0.0,2.79e-04
346,0,120,-201.97,0.0,2.79e-04
347,0,120,-154.66,0.0,2.78e-04
348,0,120,-145.24,0.0,2.78e-04
349,0,120,-330.53,0.0,2.78e-04
350,0,120,-308.28,0.0,2.78e-04
351,0,120,-257.66,0.0,2.78e-04
352,0,120,-373.10,0.0,2.78e-04
353,0,120,-251.43,0.0,2.78e-04
354,0,120,-349.40,0.0,2.78e-04
355,0,120,-134.69,0.0,2.78e-04
356,0,120,-250.18,0.0,2.77e-04
357,0,120,-223.39,0.0,2.77e-04
358,0,120,-243.70,0.0,2.77e-04
359,0,120,-152.55,0.0,2.77e-04
360,0,120,-299.46,0.0,2.77e-04
361,0,120,-237.23,0.0,2.77e-04
362,0,120,-267.70,0.0,2.77e-04
363,0,120,-217.56,0.0,2.77e-04
364,0,120,-95.87,0.0,2.76e-04
365,0,120,-242.17,0.0,2.76e-04
366,0,120,-175.65,0.0,2.76e-04
367,0,120,-337.17,0.0,2.76e-04
368,0,120,-254.09,0.0,2.76e-04
369,0,120,-168.15,0.0,2.76e-04
370,0,120,-190.18,0.0,2.76e-04
371,0,120,-384.33,0.0,2.75e-04
372,0,120,-224.03,0.0,2.75e-04
373,0,120,-66.93,0.0,2.75e-04
374,0,120,-177.42,0.0,2.75e-04
375,0,120,-182.18,0.0,2.75e-04
376,0,120,-200.35,0.0,2.75e-04
377,0,120,-335.44,0.0,2.75e-04
378,0,120,-203.04,0.0,2.75e-04
379,0,120,-244.46,0.0,2.74e-04
380,0,120,-297.43,0.0,2.74e-04
381,0,120,-306.36,0.0,2.74e-04
382,0,120,-398.33,0.0,2.74e-04
383,0,120,-321.42,0.0,2.74e-04
384,0,120,-362.87,0.0,2.74e-04
385,0,120,-164.67,0.0,2.74e-04
386,0,120,-358.13,0.0,2.74e-04
387,0,120,-254.09,0.0,2.73e-04
388,0,120,-219.92,0.0,2.73e-04
389,0,120,-203.06,0.0,2.73e-04
390,0,120,-258.89,0.0,2.73e-04
391,0,120,-103.43,0.0,2.73e-04
392,0,120,-381.23,0.0,2.73e-04
393,0,120,-325.86,0.0,2.73e-04
394,0,120,-200.50,0.0,2.72e-04
395,0,120,-204.31,0.0,2.72e-04
396,0,120,-346.51,0.0,2.72e-04
397,0,120,-215.89,0.0,2.72e-04
398,0,120,-162.83,0.0,2.72e-04
399,0,120,-206.66,0.0,2.72e-04
400,0,120,-301.02,0.0,2.72e-04
401,0,120,-417.22,0.0,2.72e-04
402,0,120,-113.71,0.0,2.71e-04
403,0,120,-147.34,0.0,2.71e-04
404,0,120,-227.10,0.0,2.71e-04
405,0,120,-290.37,0.0,2.71e-04
406,0,120,-201.01,0.0,2.71e-04
407,0,120,-335.92,0.0,2.71e-04
408,0,120,-129.70,0.0,2.71e-04
409,0,120,-299.04,0.0,2.70e-04
410,0,120,-261.35,0.0,2.70e-04
411,0,120,-196.40,0.0,2.70e-04
412,0,120,-133.34,0.0,2.70e-04
413,0,120,-266.84,0.0,2.70e-04
414,0,120,-325.95,0.0,2.70e-04
415,0,120,-245.67,0.0,2.70e-04
416,0,120,-92.90,0.0,2.69e-04
417,0,120,-173.74,0.0,2.69e-04
418,0,120,-138.68,0.0,2.69e-04
419,1,74,212.22,1.0,2.69e-04
420,0,120,-225.31,1.0,2.69e-04
421,0,120,-332.63,1.0,2.69e-04
422,0,120,-356.91,1.0,2.69e-04
423,0,120,-300.57,1.0,2.68e-04
424,0,120,-208.77,1.0,2.68e-04
425,0,120,-202.77,1.0,2.68e-04
426,0,120,-253.98,1.0,2.68e-04
427,0,120,-288.40,1.0,2.68e-04
428,0,120,-236.14,1.0,2.68e-04
429,0,120,3.67,1.0,2.68e-04
430,0,120,-312.89,1.0,2.67e-04
431,0,120,-285.79,1.0,2.67e-04
432,0,120,-405.30,1.0,2.67e-04
433,0,120,54.69,1.0,2.67e-04
434,0,120,-372.03,1.0,2.67e-04
435,0,120,-345.90,1.0,2.67e-04
436,0,120,-235.99,1.0,2.67e-04
437,0,120,-426.49,1.0,2.66e-04
438,0,120,-178.69,1.0,2.66e-04
439,0,120,-197.57,1.0,2.66e-04
440,0,120,-169.27,1.0,2.66e-04
441,0,120,-203.81,1.0,2.66e-04
442,0,120,-323.69,1.0,2.66e-04
443,0,120,-185.55,1.0,2.65e-04
444,0,120,-308.16,1.0,2.65e-04
445,0,120,-301.67,1.0,2.65e-04
446,0,120,-19.00,1.0,2.65e-04
447,0,120,-143.22,1.0,2.65e-04
448,0,120,-361.94,1.0,2.65e-04
449,0,120,-342.27,1.0,2.65e-04
450,0,120,-188.26,1.0,2.64e-04
451,0,120,-334.70,1.0,2.64e-04
452,0,120,-234.50,1.0,2.64e-04
453,0,120,-255.13,1.0,2.64e-04
454,0,120,-202.63,1.0,2.64e-04
455,0,120,-350.76,1.0,2.64e-04
456,0,120,-416.01,1.0,2.64e-04
457,0,120,-424.59,1.0,2.63e-04
458,0,120,-97.17,1.0,2.63e-04
459,0,120,-211.31,1.0,2.63e-04
460,0,120,-22.05,1.0,2.63e-04
461,0,120,-198.77,1.0,2.63e-04
462,0,120,-245.23,1.0,2.63e-04
463,0,120,-299.65,1.0,2.62e-04
464,0,120,-150.54,1.0,2.62e-04
465,0,120,-281.71,1.0,2.62e-04
466,0,120,-238.86,1.0,2.62e-04
467,0,120,-243.67,1.0,2.62e-04
468,0,120,-311.94,1.0,2.62e-04
469,0,120,-355.12,1.0,2.61e-04
470,0,120,-240.49,1.0,2.61e-04
471,0,120,-238.23,1.0,2.61e-04
472,0,120,-354.01,1.0,2.61e-04
473,0,120,-276.21,1.0,2.61e-04
474,0,120,-58.23,1.0,2.61e-04
475,0,120,-64.68,1.0,2.61e-04
476,0,120,-317.64,1.0,2.60e-04
477,0,120,-202.76,1.0,2.60e-04
478,0,120,-509.17,1.0,2.60e-04
479,0,120,-210.89,1.0,2.60e-04
480,0,120,-219.51,1.0,2.60e-04
481,0,120,-246.72,1.0,2.60e-04
482,0,120,-285.04,1.0,2.59e-04
483,0,120,-218.66,1.0,2.59e-04
484,0,120,-166.99,1.0,2.59e-04
485,0,120,-238.74,1.0,2.59e-04
486,0,120,-266.24,1.0,2.59e-04
487,0,120,-239.18,1.0,2.59e-04
488,0,120,-261.88,1.0,2.58e-04
489,0,120,-171.47,1.0,2.58e-04
490,0,120,-172.39,1.0,2.58e-04
491,0,120,-137.34,1.0,2.58e-04
492,0,120,-178.20,1.0,2.58e-04
493,0,120,-336.56,1.0,2.58e-04
494,0,120,-235.53,1.0,2.57e-04
495,0,120,-208.59,1.0,2.57e-04
496,0,120,-206.81,1.0,2.57e-04
497,0,120,-259.61,1.0,2.57e-04
498,0,120,-281.62,1.0,2.57e-04
499,0,120,-200.45,1.0,2.57e-04
500,0,120,-189.81,1.0,2.57e-04
501,0,120,-257.03,1.0,2.56e-04
502,0,120,-267.66,1.0,2.56e-04
503,0,120,-378.52,1.0,2.56e-04
504,0,120,-232.99,1.0,2.56e-04
505,0,120,-325.37,1.0,2.56e-04
506,0,120,-223.10,1.0,2.56e-04
507,0,120,-331.04,1.0,2.55e-04
508,0,120,-298.12,1.0,2.55e-04
509,0,120,-212.90,1.0,2.55e-04
510,0,120,-332.85,1.0,2.55e-04
511,0,120,-267.22,1.0,2.55e-04
512,0,120,-371.42,1.0,2.55e-04
513,0,120,-87.06,1.0,2.54e-04
514,0,120,-138.40,1.0,2.54e-04
515,0,120,-260.25,1.0,2.54e-04
516,0,120,-227.16,1.0,2.54e-04
517,0,120,-200.26,1.0,2.54e-04
518,0,120,-76.11,1.0,2.53e-04
519,0,120,-149.32,0.0,2.53e-04
520,0,120,-273.42,0.0,2.53e-04
521,0,120,-321.84,0.0,2.53e-04
522,0,120,-147.35,0.0,2.53e-04
523,0,120,-281.08,0.0,2.53e-04
524,0,120,-276.29,0.0,2.52e-04
525,0,120,-242.45,0.0,2.52e-04
526,0,120,-297.06,0.0,2.52e-04
527,0,120,-348.26,0.0,2.52e-04
528,0,120,-426.40,0.0,2.52e-04
529,0,120,-190.50,0.0,2.52e-04
530,0,120,-294.12,0.0,2.51e-04
531,0,120,-356.49,0.0,2.51e-04
532,0,120,-151.46,0.0,2.51e-04
533,0,120,-112.14,0.0,2.51e-04
534,0,120,-224.38,0.0,2.51e-04
535,0,120,-366.66,0.0,2.51e-04
536,0,120,-315.24,0.0,2.50e-04
537,0,120,-189.06,0.0,2.50e-04
538,0,120,-323.08,0.0,2.50e-04
539,0,120,-298.82,0.0,2.50e-04
540,0,120,-186.89,0.0,2.50e-04
541,0,120,-314.02,0.0,2.50e-04
542,0,120,-182.54,0.0,2.49e-04
543,0,120,-325.31,0.0,2.49e-04
544,0,120,-95.90,0.0,2.49e-04
545,0,120,-255.94,0.0,2.49e-04
546,0,120,-323.51,0.0,2.49e-04
547,0,120,-252.39,0.0,2.48e-04
548,0,120,-177.14,0.0,2.48e-04
549,0,120,-115.46,0.0,2.48e-04
550,0,120,-220.63,0.0,2.48e-04
551,0,120,-312.85,0.0,2.48e-04
552,0,120,-300.75,0.0,2.48e-04
553,0,120,-406.12,0.0,2.47e-04
554,0,120,-307.90,0.0,2.47e-04
555,0,120,-133.14,0.0,2.47e-04
556,0,120,-76.71,0.0,2.47e-04
557,0,120,-303.04,0.0,2.47e-04
558,0,120,-269.79,0.0,2.47e-04
559,0,120,-271.77,0.0,2.46e-04
560,0,120,-190.89,0.0,2.46e-04
561,0,120,-168.30,0.0,2.46e-04
562,0,120,-200.55,0.0,2.46e-04
563,0,120,-357.29,0.0,2.46e-04
564,0,120,-69.19,0.0,2.45e-04
