Episode,Captured,Steps,Reward,CaptureRate,LR
1,0,2,-34.67,0.0,1.00e-04
2,0,47,-212.23,0.0,1.00e-04
3,0,120,-39.60,0.0,9.99e-05
4,0,120,-169.76,0.0,9.99e-05
5,0,74,-52.22,0.0,9.98e-05
6,0,10,-76.67,0.0,9.98e-05
7,0,87,-79.28,0.0,9.97e-05
8,0,62,-182.10,0.0,9.96e-05
9,0,75,-209.99,0.0,9.95e-05
10,0,120,-296.01,0.0,9.94e-05
11,0,8,-54.21,0.0,9.93e-05
12,0,120,-111.20,0.0,9.91e-05
13,0,120,-267.55,0.0,9.90e-05
14,0,8,-55.98,0.0,9.88e-05
15,0,120,-283.70,0.0,9.86e-05
16,0,55,-109.61,0.0,9.84e-05
17,0,18,-77.24,0.0,9.82e-05
18,0,107,-274.19,0.0,9.80e-05
19,0,120,-303.31,0.0,9.78e-05
20,0,13,-57.55,0.0,9.76e-05
21,0,45,2.96,0.0,9.73e-05
22,0,120,-181.13,0.0,9.71e-05
23,0,20,-95.94,0.0,9.68e-05
24,0,16,-124.99,0.0,9.65e-05
25,0,7,-55.39,0.0,9.62e-05
26,0,14,-50.77,0.0,9.59e-05
27,0,31,-152.54,0.0,9.56e-05
28,0,120,-297.15,0.0,9.53e-05
29,0,2,-33.01,0.0,9.50e-05
30,0,16,-193.36,0.0,9.46e-05
31,0,120,-182.13,0.0,9.42e-05
32,0,120,-141.87,0.0,9.39e-05
33,0,20,-17.06,0.0,9.35e-05
34,0,10,-54.99,0.0,9.31e-05
35,0,120,-229.68,0.0,9.27e-05
36,0,120,-306.28,0.0,9.23e-05
37,0,2,-30.23,0.0,9.19e-05
38,0,120,-135.04,0.0,9.14e-05
39,0,25,-166.54,0.0,9.10e-05
40,0,120,-366.91,0.0,9.05e-05
41,0,17,-36.65,0.0,9.01e-05
42,0,120,-127.17,0.0,8.96e-05
43,0,120,-205.93,0.0,8.91e-05
44,0,120,-250.46,0.0,8.86e-05
45,0,12,-61.67,0.0,8.81e-05
47,0,6,-26.41,0.0,8.76e-05
48,0,21,-80.97,0.0,8.71e-05
49,0,120,-373.15,0.0,8.66e-05
50,0,120,-270.90,0.0,8.60e-05
51,0,120,-176.24,0.0,8.55e-05
52,0,120,-278.39,0.0,8.49e-05
53,0,4,-23.89,0.0,8.44e-05
54,0,28,-115.27,0.0,8.38e-05
55,0,5,-39.56,0.0,8.32e-05
56,0,21,-97.74,0.0,8.26e-05
57,0,17,-82.24,0.0,8.21e-05
58,0,14,-161.04,0.0,8.14e-05
59,0,27,-154.92,0.0,8.08e-05
60,0,16,-20.04,0.0,8.02e-05
61,0,47,-92.71,0.0,7.96e-05
62,0,120,-314.53,0.0,7.90e-05
63,0,120,-241.34,0.0,7.83e-05
64,0,22,-132.88,0.0,7.77e-05
65,0,29,-156.46,0.0,7.70e-05
66,0,120,-178.53,0.0,7.64e-05
67,0,4,-36.13,0.0,7.57e-05
68,0,12,-125.68,0.0,7.50e-05
69,0,120,-317.61,0.0,7.43e-05
70,0,13,-88.60,0.0,7.37e-05
71,0,15,-84.91,0.0,7.30e-05
72,0,23,-84.90,0.0,7.23e-05
73,0,120,-205.71,0.0,7.16e-05
74,0,120,-230.49,0.0,7.09e-05
75,0,120,-244.33,0.0,7.02e-05
76,0,120,-134.92,0.0,6.94e-05
77,0,7,-43.70,0.0,6.87e-05
78,0,120,-216.87,0.0,6.80e-05
79,0,120,-258.23,0.0,6.73e-05
80,0,120,-218.61,0.0,6.65e-05
81,0,31,-220.96,0.0,6.58e-05
82,0,120,-342.58,0.0,6.51e-05
83,0,29,-158.91,0.0,6.43e-05
84,0,10,-32.12,0.0,6.36e-05
85,0,16,-80.09,0.0,6.28e-05
86,0,19,-213.54,0.0,6.21e-05
87,0,120,-222.34,0.0,6.13e-05
88,0,29,-279.18,0.0,6.05e-05
89,0,10,-45.62,0.0,5.98e-05
90,0,120,-321.79,0.0,5.90e-05
91,0,120,-366.89,0.0,5.82e-05
92,0,23,-202.40,0.0,5.75e-05
93,0,120,-242.68,0.0,5.67e-05
94,0,2,-28.26,0.0,5.59e-05
95,0,14,-38.57,0.0,5.52e-05
96,0,29,-125.41,0.0,5.44e-05
97,0,120,-186.25,0.0,5.36e-05
98,0,14,7.43,0.0,5.28e-05
99,0,20,-33.69,0.0,5.21e-05
100,0,36,-106.45,0.0,5.13e-05
101,0,12,-98.74,0.0,5.05e-05
102,0,120,-354.27,0.0,4.97e-05
103,0,8,-34.47,0.0,4.89e-05
104,0,120,-298.51,0.0,4.82e-05
105,0,99,-313.02,0.0,4.74e-05
106,0,16,-65.20,0.0,4.66e-05
107,0,120,-224.26,0.0,4.58e-05
108,0,29,-197.67,0.0,4.51e-05
109,0,11,-39.92,0.0,4.43e-05
110,0,53,-118.36,0.0,4.35e-05
111,0,11,6.32,0.0,4.28e-05
112,0,120,-279.14,0.0,4.20e-05
113,0,26,-21.19,0.0,4.12e-05
114,0,120,-270.97,0.0,4.05e-05
115,0,34,-159.85,0.0,3.97e-05
116,0,5,-41.40,0.0,3.89e-05
117,0,43,-20.11,0.0,3.82e-05
118,0,9,-32.74,0.0,3.74e-05
119,0,9,-63.30,0.0,3.67e-05
120,0,120,-354.18,0.0,3.59e-05
121,0,120,-339.16,0.0,3.52e-05
122,1,28,202.13,1.0,3.45e-05
123,0,7,-28.98,1.0,3.37e-05
124,0,19,-149.10,1.0,3.30e-05
125,0,120,-350.11,1.0,3.23e-05
126,0,120,-331.66,1.0,3.16e-05
127,0,24,-189.06,1.0,3.08e-05
128,0,120,-213.99,1.0,3.01e-05
129,0,120,-155.68,1.0,2.94e-05
130,0,25,-75.42,1.0,2.87e-05
131,0,15,-48.49,1.0,2.80e-05
132,0,36,-1.48,1.0,2.73e-05
133,0,15,-67.16,1.0,2.67e-05
134,0,33,-170.79,1.0,2.60e-05
135,0,38,-109.32,1.0,2.53e-05
136,0,120,-283.45,1.0,2.46e-05
137,0,3,-30.70,1.0,2.40e-05
138,0,21,-100.82,1.0,2.33e-05
139,0,120,-361.55,1.0,2.27e-05
140,0,22,25.48,1.0,2.20e-05
141,0,5,-35.16,1.0,2.14e-05
142,0,10,-60.64,1.0,2.08e-05
143,0,120,-226.38,1.0,2.02e-05
144,0,10,-51.03,1.0,1.96e-05
145,0,3,-41.82,1.0,1.89e-05
146,0,120,-349.57,1.0,1.84e-05
148,0,15,-119.35,1.0,1.78e-05
149,0,120,-185.85,1.0,1.72e-05
150,0,120,-303.61,1.0,1.66e-05
151,0,9,-39.98,1.0,1.61e-05
152,0,7,-38.45,1.0,1.55e-05
153,0,28,-176.80,1.0,1.50e-05
154,0,15,-129.54,1.0,1.44e-05
155,0,7,-44.60,1.0,1.39e-05
156,0,7,-29.56,1.0,1.34e-05
157,0,120,-239.26,1.0,1.29e-05
158,0,6,-63.97,1.0,1.24e-05
159,0,120,-368.70,1.0,1.19e-05
160,0,13,-82.23,1.0,1.14e-05
161,0,3,-42.18,1.0,1.09e-05
162,0,120,-259.34,1.0,1.05e-05
163,0,16,-39.02,1.0,1.00e-05
164,0,20,-128.46,1.0,9.56e-06
165,0,120,-208.46,1.0,9.13e-06
166,0,3,-30.40,1.0,8.71e-06
167,0,120,-248.70,1.0,8.29e-06
168,0,120,-125.52,1.0,7.89e-06
169,0,31,-220.53,1.0,7.50e-06
170,0,36,-80.87,1.0,7.12e-06
171,0,23,-30.42,1.0,6.75e-06
172,0,3,-29.19,1.0,6.40e-06
173,0,31,-27.49,1.0,6.05e-06
174,0,9,-56.17,1.0,5.71e-06
175,0,120,-340.61,1.0,5.39e-06
176,0,120,-163.94,1.0,5.07e-06
177,0,120,-274.52,1.0,4.77e-06
178,0,120,-319.46,1.0,4.48e-06
179,0,120,-202.64,1.0,4.20e-06
180,0,14,-21.57,1.0,3.93e-06
181,0,19,-106.05,1.0,3.67e-06
182,0,120,-126.51,1.0,3.42e-06
183,0,33,-160.80,1.0,3.19e-06
184,0,120,-250.81,1.0,2.97e-06
185,0,3,-25.77,1.0,2.75e-06
186,0,21,-57.94,1.0,2.56e-06
187,0,7,-41.45,1.0,2.37e-06
188,0,22,-131.44,1.0,2.19e-06
189,0,120,-291.97,1.0,2.03e-06
190,0,32,-186.73,1.0,1.88e-06
192,0,22,-134.41,1.0,1.74e-06
193,0,5,-37.78,1.0,1.61e-06
194,0,23,-60.63,1.0,1.49e-06
195,0,3,-44.94,1.0,1.39e-06
196,0,120,-128.23,1.0,1.30e-06
197,0,120,-200.14,1.0,1.22e-06
198,0,120,-181.74,1.0,1.15e-06
200,0,120,-159.80,1.0,1.10e-06
